135C_curve30.csv : 0.006300093169801708; 3.6548621625868485; [ 1.66764646e-06 -1.95275137e-04]; [-0.00019528  0.02320451]; 
119C_curve30.csv : 0.02252534523965513; 2.997124345902672; [ 3.11869951e-05 -1.16611786e-03]; [-0.00116612  0.04517248]; 
112C_curve30.csv : 0.02708823704240414; 2.4657997623671593; [ 2.12916562e-05 -5.60800267e-04]; [-0.0005608   0.01535309]; 
102C_curve30.csv : 0.0033776674740150932; 3.140131455478252; [ 1.07856428e-07 -1.80459106e-05]; [-1.80459106e-05  3.06107239e-03]; 
88C_curve30.csv : 0.003964968038883551; 3.067962114851371; [ 9.21819094e-07 -1.34256822e-04]; [-0.00013426  0.01986602]; 
43C_curve30.csv : 0.0007097245081570313; 3.667855755509067; [ 6.13020056e-08 -4.41912338e-05]; [-4.41912338e-05  3.20859160e-02]; 
135C_origin.csv : 0.018697303871318897; 3.200412226862177; [ 1.90924497e-05 -8.43609808e-04]; [-0.00084361  0.03921216]; 
119C_origin.csv : 0.0388273631026289; 2.3611980426277945; [ 0.00025519 -0.00494191]; [-0.00494191  0.10143616]; 
112C_origin.csv : 0.01842100827963476; 2.779093731983443; [ 1.16419055e-05 -4.69650005e-04]; [-0.00046965  0.01962833]; 
102C_origin.csv : 0.005386282665620315; 2.905880733852263; [ 1.23596229e-06 -1.32446999e-04]; [-0.00013245  0.01455277]; 
88C_origin.csv : 0.0025397787435861197; 2.845691386030422; [ 3.82025812e-06 -7.21877998e-04]; [-0.00072188  0.13839254]; 
43C_origin.csv : 0.0029758224155323884; 3.445063489268134; [ 7.54184043e-07 -1.54734525e-04]; [-0.00015473  0.03220968]; 
